node_0 19.691106,46.955776 1
node_1 25.656152,200.872589 0
node_2 27.251183,147.942599 0
node_3 29.090856,90.273558 0
node_4 39.195335,295.789419 0
node_5 47.498483,182.176032 0
node_6 51.979871,162.329957 0
node_7 54.877475,128.507125 0
node_8 56.173830,71.652211 0
node_9 60.956063,108.261425 1
node_10 64.279162,114.197157 0
node_11 66.686825,204.323494 1
node_12 71.046764,160.584567 0
node_13 72.454527,93.456733 0
node_14 76.062150,84.624298 0
node_15 84.399088,123.096853 2
node_16 84.910245,87.930557 0
node_17 87.934273,89.124769 1
node_18 95.417452,140.666953 0
node_19 104.386189,207.251649 0
node_20 126.945660,159.175715 0
node_21 127.391249,206.046922 1
node_22 154.563789,244.091988 0
node_23 157.146092,8.490925 1
node_24 163.246672,83.552287 0
node_25 171.201983,258.747431 0
node_26 178.442579,17.736195 0
node_27 181.398086,282.152726 0
node_28 186.818495,110.907853 0
node_29 188.429451,38.025879 0
node_30 194.846838,165.529515 0
node_31 199.368016,131.314256 1
node_32 203.725403,65.565916 0
node_33 207.607376,90.456804 0
node_34 213.272159,169.133879 1
node_35 216.344330,193.361935 0
node_36 225.771911,61.974799 0
node_37 226.747052,121.140986 2
node_38 236.581475,108.541644 1
node_39 240.316513,219.069443 0
node_40 259.600504,209.015750 0
node_41 264.162937,89.133678 0
node_42 268.308519,29.236386 0
node_43 268.902524,96.625191 0
node_44 269.097587,204.796046 0
node_45 278.096041,286.483632 0
node_46 279.853929,222.554688 0
node_47 292.572486,23.836087 0
node_48 293.075061,22.287300 2
node_49 293.678807,276.663678 0
